80 40
1000 255 992 749 825 166 127 882 -319 301 -235 760 -399 721 -260 -363 -570 348 -810 -700 789 -335 938 310 -956 -959 111 639 309 164 -840 254 -581 -848 3 -755 670 -870 -521 -297 431 
1000 244 -536 -616 318 204 374 -900 -95 916 -600 -306 -419 -309 -644 -23 -268 819 -383 -607 -17 129 647 755 633 2 -648 303 484 -169 -641 268 -573 -177 -996 -903 -973 378 -803 -68 646 
1000 -50 978 -421 641 -314 557 -627 -143 -474 -234 841 655 -234 948 640 -880 -700 295 605 483 654 -127 910 -523 -123 -640 -143 -392 -443 -859 -746 507 -528 -166 148 158 -257 873 -984 269 
1000 -8 -791 276 -890 -843 268 -770 -191 -437 835 -708 -782 60 -446 47 -710 -86 904 -102 824 -602 504 683 -130 -310 -168 -620 433 57 -252 54 -951 309 -318 -841 466 950 -258 -373 -134 
1000 -71 -81 84 990 826 -517 -368 92 -260 530 -84 138 386 -400 -640 -571 784 -260 862 193 489 269 595 -202 951 -894 -383 -746 -152 244 120 778 -484 -444 768 -306 39 -600 786 779 
1000 -718 55 269 -980 -993 629 -551 -857 -278 -336 336 -437 933 -69 361 -764 38 -670 -510 886 927 610 664 -205 -834 784 489 558 -464 275 689 170 -318 -41 543 -311 -60 992 -168 662 
1000 8 -479 -775 293 452 939 530 -510 -731 -628 -271 -452 -665 -255 343 -147 -470 184 -589 418 -188 -899 -59 494 412 -516 -464 -648 -172 720 -985 837 -759 -408 130 694 -469 12 -464 153 
1000 385 265 701 -928 -989 397 -75 -107 -419 337 -337 393 790 604 240 202 -912 776 554 -83 496 921 106 738 -486 -412 784 45 601 -680 -450 338 938 -396 410 -699 -999 -665 546 -66 
1000 -976 -791 -672 814 -834 568 16 -394 344 -77 875 192 196 -19 282 710 570 66 108 523 739 658 -139 -971 -738 -377 -318 -385 310 -772 550 335 -211 878 501 -45 798 -130 562 494 
1000 793 437 -314 -11 -229 -679 52 -659 739 -840 -784 478 -830 77 859 -567 -948 -459 48 362 121 -50 -303 911 -172 -449 218 -22 421 -220 -528 214 -430 511 -445 341 832 959 -966 571 
1000 -881 -750 402 -358 679 261 427 -917 -845 -173 445 276 778 -505 539 -394 46 -242 585 -533 890 -591 -967 -540 920 -60 -847 -896 -100 -813 676 371 -211 430 -635 -180 43 792 -97 198 
1000 -380 -651 -173 -602 -156 -634 4 -758 476 -59 61 367 703 94 827 623 -614 981 728 638 -480 756 10 310 186 375 -870 -771 520 34 780 -860 735 -393 -462 -69 325 894 173 -198 
1000 188 -766 -479 -109 680 -300 -486 -582 33 -406 -943 554 -298 419 216 888 146 698 -530 -334 84 -750 -194 -181 209 344 -898 -114 591 275 -960 -221 861 -439 670 893 262 -464 -688 -353 
1000 483 -631 -799 -815 788 769 -574 -66 468 -104 601 -96 498 -241 -924 59 -544 -822 945 -953 806 986 -174 -981 -101 -152 913 -487 736 -423 161 219 -54 714 405 86 484 831 -628 304 
1000 -273 -675 -440 -423 85 -364 636 541 167 581 940 -27 919 118 -8 -181 966 257 684 702 834 -155 -78 132 -440 -321 -430 -604 -490 -57 -948 589 268 -388 -834 -295 249 802 -402 -584 
1000 735 -462 741 655 656 -267 -174 974 -657 -490 -971 -823 708 303 662 -380 982 -768 16 -156 175 68 -567 -204 680 -49 853 281 105 -548 -951 -160 342 790 -153 351 -124 -975 325 219 
1000 -112 706 748 -404 361 410 216 343 995 -416 -461 522 -996 324 -330 -964 -725 -476 318 732 -24 367 -75 -330 510 772 -979 -614 -850 699 957 38 405 705 986 -233 468 202 -538 815 
1000 -862 354 337 -858 -322 -992 -470 306 -116 848 390 -788 568 -685 -118 78 -560 -96 816 -410 -397 773 980 -640 830 966 479 298 168 942 113 658 648 -197 -848 -674 163 -318 984 -953 
1000 -469 375 -741 -549 690 141 881 -870 -603 -951 72 0 822 52 361 652 18 -160 303 -462 134 -232 -804 -218 571 -652 461 -266 383 445 133 914 172 392 -283 -137 -114 -50 345 283 
1000 -1 -230 -716 173 822 997 -175 193 189 -520 -917 -324 249 -720 810 172 -20 271 -741 -285 69 392 -19 -407 137 698 456 -977 -352 154 306 999 -724 942 172 -550 -709 -650 643 481 
1000 -170 727 -491 -569 -641 -681 956 691 943 -785 -593 364 959 388 957 96 439 766 471 -561 272 -222 -561 548 72 611 998 364 961 994 197 144 -927 706 575 -216 -623 883 -525 -680 
1000 -550 234 -964 -590 -25 994 858 -586 -888 330 -147 384 -540 644 284 532 256 634 248 569 628 -555 65 -947 -849 -359 -163 -119 -124 665 553 327 -101 590 737 874 936 947 -360 -600 
1000 277 846 784 -911 490 420 974 98 54 222 20 35 668 -915 88 -829 78 926 52 955 591 -394 282 -158 -452 371 69 -164 318 -939 236 -52 907 20 37 750 -208 11 -152 846 
1000 -414 868 233 -394 -694 -678 -223 384 -400 -818 339 -457 140 -27 385 688 -656 -194 -476 -985 -132 760 -37 127 132 -648 -123 -724 716 726 -878 -698 946 708 -92 -396 -970 -963 989 -370 
1000 -781 680 525 359 6 262 399 702 -931 -725 717 289 -613 -320 -584 871 385 294 -853 101 372 -378 403 670 -670 -337 -725 -288 -300 -384 694 -80 -352 219 -369 654 -519 -617 357 -98 
1000 10 74 -809 398 -893 -40 621 492 -746 -879 -407 978 -257 -652 648 425 11 -725 -863 711 -109 831 -17 540 402 615 194 883 -650 -97 138 360 978 681 110 -563 -359 84 -719 247 
1000 205 -126 225 -700 574 226 725 -415 501 862 -352 -607 -955 632 -715 447 599 479 682 -699 -265 172 661 65 -146 124 502 495 -792 783 95 413 9 -680 -935 -417 546 790 520 48 
1000 -996 -832 793 -951 -848 -922 848 -897 909 530 -596 -356 -297 -582 709 909 542 563 404 -898 346 -501 867 -293 172 932 642 -282 722 162 -882 726 683 911 -873 -813 -659 975 -709 -749 
1000 857 47 247 -88 465 -43 -179 359 -480 -422 461 -781 429 680 278 -399 612 -79 672 686 -565 -858 764 -530 -594 891 10 -253 -782 653 350 -924 -300 -402 -12 -834 555 -838 877 -573 
1000 -260 691 -2 -479 371 -371 123 -16 550 147 22 -663 641 -213 160 -953 30 -830 -205 249 823 -855 325 -477 95 -335 41 -350 179 271 430 -729 -38 -220 -207 -667 409 -732 669 311 
1000 415 -308 649 408 479 -191 456 -491 -21 -397 -890 154 100 787 677 -804 -547 71 198 984 -658 -372 -744 304 409 49 989 170 317 659 -518 84 -649 -869 -508 -818 292 -700 43 -377 
1000 -97 154 777 -996 293 806 -448 746 229 750 -917 571 -269 -661 227 -508 388 217 662 57 228 -856 -507 931 -373 -15 -535 -729 286 508 -106 -459 14 23 -103 -692 -170 449 -594 -941 
1000 552 -511 983 -365 180 562 127 -80 131 141 977 -641 638 -530 -710 -383 808 -245 -111 446 -384 783 987 982 159 237 -358 989 38 401 -600 -410 -758 -265 577 423 -350 -296 -305 781 
1000 846 -327 -859 836 495 -217 -547 303 891 342 101 -141 478 441 193 -363 -322 -812 -22 716 941 730 -341 -817 -182 -764 958 468 293 -346 249 491 679 742 327 174 -122 -868 -170 121 
1000 475 931 -668 305 724 525 942 -598 -935 272 -529 -994 2 482 -458 -828 -930 -148 640 715 858 242 206 537 -16 -115 64 -786 18 -754 335 -155 -471 667 -850 -746 545 -556 8 610 
1000 716 831 969 70 665 -489 243 736 715 235 451 574 -523 10 463 462 895 -473 -972 265 -227 364 -890 655 383 -388 909 -72 56 269 -109 124 101 -140 -453 -234 723 -858 -146 438 
1000 377 -694 12 855 668 -524 669 915 355 697 181 -519 61 643 -864 -203 -744 -603 725 664 666 -384 141 -233 828 688 534 551 -818 -612 342 559 46 -646 414 66 182 435 -18 -110 
1000 133 -485 371 -454 -842 859 343 -234 -744 421 -217 922 -611 924 42 -782 964 -72 -879 -854 668 463 -943 67 -830 824 -867 704 259 115 -406 -256 630 -683 291 -859 -472 -14 259 -216 
1000 -593 -958 59 -203 -682 -547 15 -366 381 488 132 401 -48 542 -532 474 366 -398 178 -23 -931 -875 722 -948 -206 13 -455 323 999 804 -541 -241 -801 518 556 -131 -677 -77 856 704 
1000 -589 -12 106 715 -118 574 541 -752 -472 72 226 -402 197 300 2 991 -687 547 666 -336 351 -874 775 902 644 331 -228 968 -746 -20 -976 18 968 482 85 -149 409 -373 451 937 
1000 699 29 -113 248 -671 889 591 -6 788 258 -989 492 384 786 394 380 118 -482 348 724 498 725 94 819 207 -820 22 -384 159 -527 -94 210 503 -855 -542 -816 -965 -599 179 -825 
1000 659 190 667 43 -24 62 -576 -554 580 -876 -477 431 849 617 250 409 -851 -728 -623 308 -255 283 -130 -400 429 680 -215 816 -918 964 991 741 506 659 -215 -166 73 561 281 5 
1000 685 804 -564 887 773 686 648 923 958 -975 583 56 309 -546 -992 90 -866 -207 -94 -432 109 249 -690 -385 260 447 450 -667 8 83 339 45 -113 775 284 -340 814 -68 -65 772 
1000 -42 -481 180 -381 325 189 709 811 982 -33 -620 444 -784 -310 -941 477 -511 861 -838 849 -56 501 -106 -817 629 -469 196 443 463 -869 567 -227 -350 -252 392 975 937 453 787 -729 
1000 -580 -833 715 -11 209 -873 -182 -950 -660 -20 899 285 -518 145 820 -537 676 16 906 140 148 473 -735 798 -427 658 -874 -138 111 -735 134 884 -568 201 -127 993 680 -957 -957 -979 
1000 23 -706 658 857 439 830 -680 116 -153 -422 -392 995 -948 225 -855 -23 -117 -377 840 -653 -112 -26 -769 672 -473 456 665 -440 851 -940 -419 -126 -294 -409 84 -854 -579 756 614 620 
1000 -665 -426 967 -261 799 -887 716 35 88 556 382 977 -118 965 649 762 773 667 -678 624 -921 255 -150 -214 846 934 284 -381 -957 -102 -760 -622 824 -441 469 975 24 185 10 -887 
1000 94 -256 -910 -672 -291 739 -910 -166 758 -588 -190 838 667 661 -376 865 947 908 -515 990 158 77 -280 334 636 -811 309 -339 727 -680 126 173 64 216 501 -874 307 592 312 66 
1000 -996 -877 256 -976 784 -768 889 -917 -508 -274 -574 650 803 498 336 792 688 -355 -195 767 317 931 -60 -266 499 -207 212 158 -615 -476 -424 -258 -353 832 -234 -217 -936 7 219 -444 
1000 734 645 -442 537 143 -754 681 183 -108 -162 302 -439 121 -758 295 -380 388 -493 779 -875 32 -645 -133 -969 -460 985 -185 -396 -7 -614 513 -273 -969 -577 -384 526 -330 -350 -290 914 
1000 488 -988 -525 -390 -393 771 230 995 -370 361 -880 -986 -931 340 -954 -391 677 213 565 -330 599 430 749 982 854 -282 508 -124 368 -782 -210 208 -417 265 818 190 388 401 537 -629 
1000 114 -991 -615 183 701 -217 -856 379 -652 710 -599 947 140 -497 -719 346 221 790 -778 -59 -640 12 -851 295 -370 968 -515 -630 721 -626 -259 -165 -264 127 -629 -563 910 -485 -832 -389 
1000 -775 -78 -442 718 425 192 64 -2 -18 287 939 694 -349 -560 -10 281 -240 827 652 -519 -446 -255 669 290 872 -960 -921 -865 -445 -400 -254 133 522 656 -149 -53 -152 915 945 -818 
1000 554 -764 -771 -794 -324 571 839 437 398 843 918 -696 -411 587 594 -187 979 -974 300 -465 -374 -954 668 -852 -945 -129 447 255 138 392 790 -307 980 -629 251 -344 942 442 -907 692 
1000 286 -636 997 -773 -697 943 40 -717 969 -659 -182 -405 -261 -162 95 146 -939 -458 -246 199 -714 -456 -756 -734 267 495 -77 209 290 368 -99 -72 732 -102 155 -964 -158 -453 -329 163 
1000 240 841 -889 980 -321 206 478 -260 -899 -768 -709 -261 128 -464 6 -605 -617 -719 604 673 649 -142 -399 734 -892 -892 -878 -50 -344 -207 -534 -752 -366 -423 -772 665 -865 -941 -243 -412 
1000 -357 48 328 772 584 -666 -833 -680 -385 -876 -655 -384 334 -53 -650 442 407 -528 -607 -585 265 211 -336 -749 -860 244 916 -725 303 -327 216 947 -926 -456 -929 -990 230 -762 -670 845 
1000 -286 -324 -187 -952 975 164 491 734 988 -764 -850 606 799 -186 857 939 -942 -874 -786 714 -201 430 661 225 -674 732 236 556 -678 918 753 389 -54 -433 789 -79 -917 632 -344 -929 
1000 -780 158 -971 -981 972 887 958 -618 -987 -475 -904 164 -693 -891 -610 -366 -807 978 -458 -132 896 -704 -743 195 215 -602 -884 298 -969 124 721 -749 -718 751 -729 -394 990 -419 -11 -997 
1000 458 437 519 766 547 909 -248 740 -761 294 -392 -512 942 217 683 157 616 -849 -193 647 628 -471 -750 910 -368 -127 -131 -378 455 -790 -23 -87 647 -504 31 546 -594 783 287 -3 
1000 430 -753 485 372 817 168 -470 433 320 337 432 -52 -782 682 210 -150 -92 -569 824 -637 -359 -199 628 -711 298 12 835 -944 -205 474 53 -423 -926 -461 950 891 -941 -168 676 731 
1000 -479 108 31 -260 142 -758 942 -950 -327 767 -235 667 -80 -254 956 -782 758 -857 -374 -95 970 680 483 -956 -429 433 -713 -18 -735 963 -286 -214 71 745 878 -435 -661 821 -32 365 
1000 940 733 32 -140 -521 -12 431 -411 483 -943 495 453 -911 -22 849 12 -237 -864 995 28 -901 61 -834 522 -194 -603 -912 498 -430 56 -137 -490 141 895 370 973 235 153 -438 -282 
1000 211 -943 -476 300 387 -627 -335 -850 -490 -340 530 -39 721 -951 -516 -121 -554 -76 -623 16 -668 592 878 473 487 600 798 74 -246 -287 -855 965 122 -331 617 -490 394 -718 -340 -744 
1000 294 -809 218 15 -760 -946 -753 38 -22 -24 -946 310 -431 -716 135 -592 884 -66 483 -362 647 980 -45 -231 1 -427 631 -605 207 -708 4 -498 -165 -778 869 75 -724 -884 -535 606 
1000 445 -129 -84 -986 155 -949 -226 39 337 -743 678 336 -411 -367 -542 590 558 -911 986 -234 -267 342 268 568 564 137 -5 -808 606 460 798 51 -669 66 417 486 117 -809 -122 -193 
1000 -199 -444 -857 390 541 -47 -19 452 43 319 -782 776 -339 838 345 -423 327 -660 121 -67 -847 -81 -664 -516 -663 753 -677 806 945 201 -387 98 -891 109 -512 -998 -938 821 454 457 
1000 140 -976 234 -847 862 -69 -270 542 623 851 -173 776 122 164 -387 459 269 288 266 566 -159 -769 -336 302 340 153 304 403 -26 111 -140 -533 487 -554 -380 702 377 703 244 353 
1000 554 -929 129 29 587 -906 -160 -143 382 -894 -225 -777 -662 440 877 -970 -55 534 785 -729 -355 -354 -262 -516 444 359 -814 174 414 430 -473 -32 854 656 -651 793 -897 190 -350 485 
1000 648 426 -939 986 218 938 -983 -837 824 802 -566 -531 -200 173 306 -403 -116 492 771 -702 275 -702 618 481 -694 -680 274 -239 510 -723 -401 158 -945 -340 497 273 -50 866 788 -225 
1000 -980 -778 596 173 747 -98 770 -17 -253 893 633 -978 -457 604 503 201 924 129 963 786 406 -438 -56 461 574 -207 86 -124 -341 -126 -997 -320 449 952 853 196 206 975 -468 953 
1000 -780 -835 -673 -237 769 -818 964 -955 312 -721 831 70 193 128 -468 -233 921 970 996 -419 -155 -649 613 -706 -697 818 842 862 793 -274 815 -987 -108 -505 128 13 -323 444 411 -659 
1000 724 242 412 -83 -630 -704 -963 -708 -734 -615 225 463 -264 -162 -891 392 -344 -696 254 -199 30 69 166 922 916 -706 288 -54 -910 -301 287 814 -707 -301 84 -336 347 473 308 966 
1000 858 -467 429 -406 371 891 986 -621 -805 240 180 225 -338 -302 500 -70 344 140 876 434 -809 164 601 -516 -785 -315 500 915 -490 -192 881 -632 341 662 314 64 553 301 795 -900 
1000 -107 327 678 907 -975 530 -162 369 22 -286 156 213 -770 -243 -951 -202 794 550 -287 -696 -642 -406 -328 -948 -392 -662 468 -486 639 264 -386 -115 -409 -356 144 -383 -474 982 -662 548 
1000 49 846 -239 631 -45 -189 -571 -251 -287 142 405 71 -912 -571 475 -303 -232 -56 211 -241 -792 -823 644 151 174 -211 -880 700 123 -189 249 -476 -343 -638 -844 613 525 -63 -286 -762 
1000 -568 -528 310 -480 -99 137 217 -979 -919 -220 -219 -359 310 -223 793 -516 918 913 -816 42 -276 433 918 734 796 -574 347 673 364 -587 912 796 -115 574 -332 -861 -289 886 -840 -207 
1000 18 -59 786 -672 719 579 -188 989 845 -3 31 -431 -218 302 -345 -70 728 -646 -396 444 -232 -484 592 -995 -558 -739 -856 153 -501 -695 -702 517 598 -915 -802 669 -984 10 659 861 
1000 -641 42 -217 494 -656 438 -576 -575 793 380 869 -439 -752 462 -82 -310 -925 63 -804 -426 720 -506 -909 670 -69 -359 692 -52 652 351 161 -637 -255 944 857 442 383 -366 867 528 
1000 -986 -912 -559 -385 902 359 305 977 -226 853 -449 -154 -652 -5 -131 631 636 -439 -421 640 -736 741 -996 9 -963 -787 -549 420 -153 -330 300 214 -241 741 -819 -339 101 838 -9 -773 
